0 0.13515625 0.6118055555555556 0.2828125 0.45416666666666666
0 0.353125 0.5729166666666666 0.096875 0.1125
0 0.4265625 0.5319444444444444 0.053125 0.10555555555555556
0 0.27890625 0.5465277777777777 0.0359375 0.0625
0 0.541015625 0.6 0.18984375 0.3138888888888889
0 0.67421875 0.5729166666666666 0.04375 0.0625
1 0.10703125 0.22569444444444445 0.034375 0.14583333333333334
1 0.108984375 0.3458333333333333 0.02421875 0.058333333333333334
1 0.6875 0.4173611111111111 0.0265625 0.059722222222222225
1 0.373046875 0.40069444444444446 0.03984375 0.043055555555555555
1 0.3046875 0.4444444444444444 0.015625 0.03611111111111111