0 0.090625 0.6277777777777778 0.1890625 0.325
0 0.500390625 0.9361111111111111 0.99453125 0.14722222222222223
0 0.5296875 0.6986111111111111 0.340625 0.3416666666666667
0 0.187890625 0.5076388888888889 0.04140625 0.07916666666666666
0 0.2671875 0.5208333333333334 0.115625 0.08611111111111111
0 0.424609375 0.4826388888888889 0.07109375 0.0763888888888889
0 0.56875 0.5006944444444444 0.1203125 0.06805555555555555
0 0.65546875 0.5388888888888889 0.1515625 0.08055555555555556
0 0.782421875 0.5013888888888889 0.11640625 0.08611111111111111
0 0.965234375 0.475 0.06484375 0.09444444444444444
1 0.32421875 0.35625 0.03125 0.03194444444444444
1 0.5921875 0.22013888888888888 0.0375 0.11527777777777778
1 0.712109375 0.3597222222222222 0.02109375 0.03888888888888889
1 0.867578125 0.3840277777777778 0.05390625 0.0763888888888889
1 0.582421875 0.34652777777777777 0.02578125 0.05416666666666667
1 0.08515625 0.34652777777777777 0.0296875 0.05416666666666667