0 0.4171875 0.6388888888888888 0.28125 0.37777777777777777
0 0.57265625 0.5215277777777778 0.078125 0.11805555555555555
0 0.6984375 0.5013888888888889 0.0515625 0.08055555555555556
0 0.498828125 0.90625 0.99765625 0.19305555555555556
0 0.834375 0.5284722222222222 0.034375 0.07916666666666666
0 0.741015625 0.4930555555555556 0.03359375 0.041666666666666664
0 0.7609375 0.49375 0.01875 0.04583333333333333
0 0.987890625 0.5493055555555556 0.01953125 0.06805555555555555
0 0.26796875 0.4979166666666667 0.0515625 0.05138888888888889
1 0.84375 0.2777777777777778 0.0359375 0.09166666666666666
1 0.8234375 0.40069444444444446 0.028125 0.04861111111111111
1 0.692578125 0.1 0.05078125 0.15555555555555556
1 0.1109375 0.3541666666666667 0.0265625 0.04722222222222222
1 0.333203125 0.3284722222222222 0.03359375 0.06805555555555555