2 0.88232421875 0.13453815261044177 0.1298828125 0.16733601070950468
2 0.15576171875 0.2684069611780455 0.0869140625 0.10843373493975904
1 0.435546875 0.5662650602409639 0.087890625 0.3078982597054886
1 0.3505859375 0.5555555555555556 0.072265625 0.32663989290495316
1 0.2041015625 0.5655957161981259 0.08203125 0.26907630522088355
1 0.13037109375 0.5575635876840697 0.0615234375 0.2797858099062918
1 0.68310546875 0.45582329317269077 0.0439453125 0.20214190093708165
1 0.6220703125 0.45314591700133866 0.0546875 0.17001338688085676
1 0.03759765625 0.6131191432396251 0.0732421875 0.34805890227576974
1 0.5087890625 0.39156626506024095 0.03515625 0.10575635876840696
1 0.283203125 0.4344042838018742 0.052734375 0.16198125836680052