2 0.3303030303030303 0.3095703125 0.44545454545454544 0.11328125
0 0.48409090909090907 0.458984375 0.1621212121212121 0.103515625
0 0.4856060606060606 0.5400390625 0.11363636363636363 0.04296875
0 0.556060606060606 0.58544921875 0.10606060606060606 0.0556640625
0 0.7818181818181819 0.75341796875 0.43333333333333335 0.2763671875
0 0.6143939393939394 0.408203125 0.0893939393939394 0.0625
0 0.6204545454545455 0.46435546875 0.06818181818181818 0.0361328125
0 0.7901515151515152 0.48974609375 0.09545454545454546 0.0498046875
0 0.8681818181818182 0.54345703125 0.10606060606060606 0.0576171875
0 0.8022727272727272 0.58837890625 0.1590909090909091 0.0615234375
0 0.7204545454545455 0.42919921875 0.04393939393939394 0.0341796875